文件：2025-05-19-20-52-07.bag

|   传感器ID |      X均值 |       Y均值 |      Z均值 |    X方差 |    Y方差 |     Z方差 |   X极值差 |   Y极值差 |   Z极值差 |
|------------|------------|-------------|------------|----------|----------|-----------|-----------|-----------|-----------|
|         13 | 394.262887 | -616.701031 | 219.695876 | 2.812334 | 4.384844 |  9.582767 | 11.000000 | 10.000000 | 17.000000 |
|         14 | 422.695876 | -619.953608 | 114.435567 | 3.273488 | 5.384446 |  9.854096 | 12.000000 | 12.000000 | 21.000000 |
|         15 | 386.402062 | -426.845361 | 209.515464 | 2.379583 | 4.733819 | 13.651823 |  9.000000 | 13.000000 | 19.000000 |
|         16 | 435.492268 | -862.824742 | 337.688144 | 2.074682 | 3.804336 |  6.400169 |  8.000000 | 12.000000 | 19.000000 |
|         17 | 455.038660 | -623.889175 | 245.250000 | 2.485619 | 4.562460 |  7.795747 |  9.000000 | 13.000000 | 16.000000 |
|         18 | 387.255155 | -516.182990 | 139.193299 | 2.293144 | 3.216515 |  9.480677 |  8.000000 | 10.000000 | 17.000000 |
|         19 | 318.072165 | -395.716495 | 118.788660 | 2.628813 | 4.429934 | 10.475954 | 10.000000 | 12.000000 | 21.000000 |
|         20 | 327.860825 | -360.067010 | 107.533505 | 3.233208 | 5.608912 | 22.181867 | 13.000000 | 14.000000 | 27.000000 |
|         21 | 339.389175 | -613.167526 | 207.706186 | 3.335656 | 5.593069 |  7.501302 |  9.000000 | 14.000000 | 17.000000 |
|         22 | 354.417526 | -583.386598 | 124.203608 | 2.243198 | 5.159820 |  7.909575 | 10.000000 | 13.000000 | 17.000000 |
|         23 | 298.097938 | -519.809278 | 135.786082 | 2.469790 | 4.370842 | 12.456817 | 11.000000 | 11.000000 | 19.000000 |
|         24 | 252.291237 | -382.265464 | 122.085052 | 2.072397 | 4.318704 | 11.469570 |  7.000000 | 13.000000 | 21.000000 |
|         25 | 339.427835 | -383.167526 |  90.685567 | 2.182937 | 4.309564 | 17.777421 |  9.000000 | 12.000000 | 25.000000 |
|          1 | 675.543814 | -491.525773 | 829.618557 | 4.067668 | 4.697789 |  8.411202 | 10.000000 | 15.000000 | 19.000000 |
|          2 | 743.603093 | -550.590206 | 620.280928 | 5.105351 | 3.762481 | 12.047368 | 14.000000 | 11.000000 | 20.000000 |
|          3 | 608.010309 | -365.850515 | 457.337629 | 2.994739 | 3.343634 |  7.857656 |  9.000000 | 10.000000 | 14.000000 |
|          4 | 577.966495 | -381.015464 | 332.195876 | 2.754032 | 4.932751 |  9.183282 | 10.000000 | 12.000000 | 18.000000 |
|          5 | 506.360825 | -345.873711 | 229.618557 | 2.282177 | 5.316525 | 12.627697 |  9.000000 | 13.000000 | 21.000000 |
|          6 | 613.574742 | -632.667526 | 588.829897 | 4.213486 | 4.861110 |  7.981374 | 11.000000 | 13.000000 | 17.000000 |
|          7 | 662.492268 | -622.252577 | 493.835052 | 2.167466 | 3.699091 |  6.158359 |  8.000000 | 10.000000 | 14.000000 |
|          8 | 489.556701 | -476.002577 | 325.095361 | 1.968434 | 4.976797 |  7.328535 |  7.000000 | 12.000000 | 19.000000 |
|          9 | 476.759690 | -493.304910 | 273.447028 | 2.260081 | 7.219692 | 10.732982 |  8.000000 | 15.000000 | 22.000000 |
|         10 | 453.609819 | -376.919897 | 214.739018 | 1.571273 | 2.693842 | 12.037832 |  8.000000 | 10.000000 | 17.000000 |
|         11 | 524.374677 | -793.227390 | 497.472868 | 3.071503 | 4.067157 |  6.874587 | 10.000000 | 13.000000 | 18.000000 |
|         12 | 543.018088 | -719.552972 | 368.178295 | 2.250319 | 3.503008 |  5.443663 |  9.000000 | 11.000000 | 15.000000 |

各通道平均方差和极值差：
X方差均值: 2.727655，Y方差均值: 4.518046，Z方差均值: 10.128893
X极值差均值: 9.560000，Y极值差均值: 12.160000，Z极值差均值: 18.800000
----------------------------------------------------------------------------------------------------

文件：2025-05-19-21-32-00.bag

|   传感器ID |      X均值 |       Y均值 |      Z均值 |    X方差 |      Y方差 |      Z方差 |   X极值差 |    Y极值差 |    Z极值差 |
|------------|------------|-------------|------------|----------|------------|------------|-----------|------------|------------|
|          7 | 168.511364 | -303.681818 | 446.134740 | 2.292079 |   3.846812 |   4.902300 | 10.000000 |  12.000000 |  14.000000 |
|          8 |  48.162338 | -172.521104 | 406.724026 | 2.002867 |   8.269035 |   5.482280 |  9.000000 |  16.000000 |  14.000000 |
|          9 | 102.952922 | -193.425325 | 481.857143 | 2.668238 |   6.104813 |   8.112709 |  8.000000 |  14.000000 |  17.000000 |
|         10 | 151.053571 |  -68.399351 | 510.285714 | 1.852650 |   5.450909 | 117.807978 | 10.000000 |  16.000000 | 267.000000 |
|         11 |  47.065041 | -375.814634 | 314.055285 | 2.412030 |   7.328241 |   4.728651 | 10.000000 |  16.000000 |  12.000000 |
|         12 |  81.308943 | -335.239024 | 333.372358 | 2.076912 |   5.323355 |   4.370293 | 10.000000 |  16.000000 |  12.000000 |
|         13 | -29.385366 | -264.518699 | 300.534959 | 3.212469 |   4.766724 |   7.078046 | 12.000000 |  12.000000 |  17.000000 |
|         14 |  53.398374 | -280.022764 | 303.055285 | 3.491705 |   7.781596 |  10.276618 | 11.000000 |  17.000000 |  18.000000 |
|         15 |  73.595122 |  -85.235772 | 467.868293 | 2.332009 |   8.004574 |  11.044442 |  8.000000 |  18.000000 |  19.000000 |
|         16 |  12.796748 | -378.325203 | 226.626016 | 2.096900 |   4.255218 |   3.460136 |  9.000000 |  12.000000 |  11.000000 |
|         17 |  33.413008 | -191.463415 | 220.245528 | 2.512351 |   7.227523 |   5.027521 | 10.000000 |  18.000000 |  13.000000 |
|         18 | -12.609756 | -132.406504 | 239.975610 | 2.254214 |   4.927437 |   5.588023 |  9.000000 |  13.000000 |  13.000000 |
|         19 | -36.635772 |  -25.697561 | 296.850407 | 2.273842 |   4.412596 |   9.080061 |  9.000000 |  14.000000 |  16.000000 |
|         20 |   5.435772 |    1.401626 | 350.741463 | 3.572704 | 429.001298 |  16.643728 | 11.000000 | 511.000000 |  24.000000 |
|         21 | -20.328455 | -104.042276 | 167.458537 | 2.568540 |   7.325042 |   6.453159 |  9.000000 |  17.000000 |  13.000000 |
|         22 |  -8.837398 | -124.860163 | 138.099187 | 2.038601 |   6.149551 |   4.564146 |  9.000000 |  17.000000 |  13.000000 |
|         23 | -62.479675 |  -98.941463 | 202.357724 | 2.604058 |   5.658362 |   8.151709 | 10.000000 |  16.000000 |  17.000000 |
|         24 | -91.996748 |    7.760976 | 281.349593 | 2.003241 |   5.333111 |   9.385101 |  9.000000 |  13.000000 |  17.000000 |
|         25 |  27.121951 |   -6.894309 | 321.063415 | 1.924965 |   6.471756 |  12.527686 |  8.000000 |  15.000000 |  22.000000 |
|          1 | 188.531707 | -263.869919 | 611.128455 | 3.754686 |   6.337550 |   7.448540 | 13.000000 |  16.000000 |  19.000000 |
|          2 | 249.734959 | -306.282927 | 596.019512 | 3.544388 |   5.087432 |   5.378481 | 12.000000 |  13.000000 |  16.000000 |
|          3 | 166.624390 | -116.920325 | 587.598374 | 1.951600 |   7.364384 |   6.435445 |  8.000000 |  17.000000 |  14.000000 |
|          4 | 219.152846 | -124.682927 | 600.430894 | 2.279077 |  10.496213 |   7.591566 |  9.000000 |  18.000000 |  15.000000 |
|          5 | 238.624390 |  -59.934959 | 571.040650 | 2.543470 |   5.202274 |   9.385339 | 10.000000 |  14.000000 |  17.000000 |
|          6 | 117.736585 | -308.439024 | 364.291057 | 3.537117 |   6.405632 |   6.180327 | 12.000000 |  15.000000 |  15.000000 |

各通道平均方差和极值差：
X方差均值: 2.552029，Y方差均值: 23.141258，Z方差均值: 11.884171
X极值差均值: 9.800000，Y极值差均值: 35.040000，Z极值差均值: 25.800000
----------------------------------------------------------------------------------------------------

文件：2025-05-19-21-20-26.bag

|   传感器ID |       X均值 |      Y均值 |      Z均值 |    X方差 |      Y方差 |     Z方差 |   X极值差 |    Y极值差 |   Z极值差 |
|------------|-------------|------------|------------|----------|------------|-----------|-----------|------------|-----------|
|          2 | -266.336709 | 611.511392 | 362.093671 | 4.891690 |   3.277718 |  5.259580 | 12.000000 |  12.000000 | 13.000000 |
|          3 | -417.675949 | 681.645570 | 410.207595 | 4.041827 |   4.993366 |  6.584752 | 10.000000 |  13.000000 | 14.000000 |
|          4 | -415.478481 | 538.086076 | 489.903797 | 3.540676 |   9.081199 |  8.365429 | 10.000000 |  15.000000 | 18.000000 |
|          5 | -422.688608 | 467.405063 | 489.384810 | 4.219490 |   6.256177 |  8.646858 | 12.000000 |  15.000000 | 17.000000 |
|          6 | -220.524051 | 593.660759 | 243.860759 | 4.968409 |   5.084916 |  5.871751 | 12.000000 |  13.000000 | 12.000000 |
|          7 | -239.268354 | 509.713924 | 376.663291 | 4.287480 | 171.470059 |  4.653716 | 13.000000 | 263.000000 | 13.000000 |
|          8 | -406.893671 | 525.253165 | 339.103797 | 4.469707 |   6.371351 |  5.961378 | 10.000000 |  16.000000 | 15.000000 |
|          9 | -394.531646 | 390.754430 | 450.774684 | 5.438872 |   4.251088 |  7.470751 | 11.000000 |  11.000000 | 18.000000 |
|         10 | -375.346835 | 386.108861 | 489.521519 | 3.305022 |   4.441314 | 10.958398 |  9.000000 |  12.000000 | 19.000000 |
|         11 | -210.934177 | 409.250633 | 354.384810 | 3.904528 |   4.182753 |  4.140529 | 11.000000 |  12.000000 | 11.000000 |
|         12 | -216.810127 | 362.741772 | 372.843038 | 3.561416 |   4.277622 |  4.901945 | 11.000000 |  11.000000 | 13.000000 |
|         13 | -372.678481 | 330.746835 | 344.017722 | 4.871309 |   5.480212 |  7.794623 | 13.000000 |  13.000000 | 16.000000 |
|         14 | -323.200000 | 205.655696 | 349.744304 | 4.924557 |   6.787784 |  8.058670 | 14.000000 |  21.000000 | 21.000000 |
|         15 | -326.154430 | 290.321519 | 479.321519 | 5.026784 |   4.613081 | 11.043461 | 13.000000 |  13.000000 | 18.000000 |
|         16 | -166.713924 | 283.648101 | 401.070886 | 3.039680 |   3.407813 |  4.253203 | 11.000000 |  14.000000 | 13.000000 |
|         17 | -180.607595 | 398.787342 | 356.974684 | 4.329563 |   4.476295 |  5.533536 | 12.000000 |  14.000000 | 14.000000 |
|         18 | -263.794937 | 361.764557 | 385.141772 | 4.107316 |   5.324313 |  6.157116 | 11.000000 |  14.000000 | 14.000000 |
|         19 | -309.235443 | 381.048101 | 397.326582 | 4.352162 |   6.719205 |  9.830053 | 13.000000 |  13.000000 | 20.000000 |
|         20 | -295.202532 | 312.243038 | 400.751899 | 5.047589 |   6.796629 | 17.381484 | 13.000000 |  16.000000 | 24.000000 |
|         21 | -128.389873 | 446.516456 | 439.736709 | 5.017619 |   5.510489 |  7.135741 | 11.000000 |  14.000000 | 16.000000 |
|         22 | -131.865823 | 364.594937 | 352.286076 | 5.159212 |   4.630860 |  4.938414 | 13.000000 |  11.000000 | 13.000000 |
|         23 | -224.964557 | 309.007595 | 365.888608 | 5.345579 |   4.488550 |  6.407845 | 12.000000 |  14.000000 | 15.000000 |
|         24 | -279.401015 | 341.878173 | 405.144670 | 4.052385 |   4.386173 |  8.768411 | 12.000000 |  12.000000 | 18.000000 |
|         25 | -184.116751 | 239.081218 | 396.317259 | 4.148806 |   4.709140 | 14.186149 | 10.000000 |  14.000000 | 23.000000 |
|          1 | -231.936548 | 748.170051 | 323.647208 | 5.597497 |   3.694433 |  6.852695 | 13.000000 |  11.000000 | 16.000000 |

各通道平均方差和极值差：
X方差均值: 4.465967，Y方差均值: 11.788502，Z方差均值: 7.646259
X极值差均值: 11.680000，Y极值差均值: 23.480000，Z极值差均值: 16.160000
----------------------------------------------------------------------------------------------------

文件：2025-05-19-20-30-57.bag

|   传感器ID |       X均值 |      Y均值 |       Z均值 |    X方差 |     Y方差 |      Z方差 |   X极值差 |   Y极值差 |    Z极值差 |
|------------|-------------|------------|-------------|----------|-----------|------------|-----------|-----------|------------|
|          2 | -110.452675 | 482.329218 | -784.049383 | 3.305374 |  6.093262 |  10.635421 | 11.000000 | 16.000000 |  22.000000 |
|          3 | -305.247423 | 645.167010 | -813.635052 | 2.466617 |  6.770046 |  10.685369 | 10.000000 | 15.000000 |  21.000000 |
|          4 | -454.851546 | 644.243299 | -787.575258 | 3.083116 | 12.155239 |  19.922687 | 11.000000 | 21.000000 |  26.000000 |
|          5 | -715.585567 | 668.468041 | -797.251546 | 4.131338 |  6.735577 |  14.254250 | 12.000000 | 16.000000 |  22.000000 |
|          6 | -118.936082 | 452.624742 | -820.676289 | 4.299007 |  8.576707 |  16.136448 | 10.000000 | 18.000000 |  24.000000 |
|          7 | -176.909278 | 423.791753 | -758.874227 | 2.255687 |  6.226736 |   9.050160 |  8.000000 | 15.000000 |  15.000000 |
|          8 | -355.230928 | 518.113402 | -828.692784 | 2.231208 |  6.830439 |  12.447886 |  9.000000 | 14.000000 |  17.000000 |
|          9 | -496.045361 | 465.214433 | -755.797938 | 3.276293 |  6.139586 |  13.501439 | 11.000000 | 14.000000 |  21.000000 |
|         10 | -706.593814 | 520.674227 | -725.624742 | 4.212333 |  4.805212 |  13.005573 | 12.000000 | 12.000000 |  19.000000 |
|         11 | -151.756701 | 327.086598 | -734.210309 | 2.394414 |  5.241985 |   7.568141 |  8.000000 | 13.000000 |  18.000000 |
|         12 | -219.090722 | 303.022680 | -740.600000 | 1.958780 |  6.248970 |   8.256495 | 10.000000 | 14.000000 |  20.000000 |
|         13 | -400.591753 | 356.146392 | -782.865979 | 2.905499 |  3.823930 |  11.258327 | 11.000000 | 11.000000 |  19.000000 |
|         14 | -489.173196 | 279.620619 | -779.377320 | 4.122581 |  5.777719 | 135.311238 | 12.000000 | 14.000000 | 255.000000 |
|         15 | -647.577320 | 343.940206 | -651.620619 | 3.093506 |  6.996425 |  15.530297 | 10.000000 | 19.000000 |  21.000000 |
|         16 | -161.377320 | 234.540206 | -699.830928 | 2.041135 |  4.120548 |   6.136363 |  7.000000 | 13.000000 |  14.000000 |
|         17 | -188.416495 | 386.336082 | -747.006186 | 2.684264 |  7.522100 |   9.531921 | 13.000000 | 17.000000 |  15.000000 |
|         18 | -327.826804 | 466.395876 | -695.280412 | 2.448354 |  3.826787 |  12.065699 | 10.000000 | 12.000000 |  20.000000 |
|         19 | -493.105155 | 447.307216 | -677.630928 | 2.601314 |  4.513865 |  10.966879 |  9.000000 | 11.000000 |  22.000000 |
|         20 | -568.037113 | 357.849485 | -682.187629 | 3.792437 |  5.847448 |  16.408094 | 14.000000 | 14.000000 |  27.000000 |
|         21 | -180.020619 | 432.230928 | -679.212371 | 2.844936 |  5.971415 |   9.490981 | 10.000000 | 14.000000 |  17.000000 |
|         22 | -217.962887 | 366.756701 | -727.105155 | 2.464602 |  4.204723 |   7.322963 |  9.000000 | 12.000000 |  17.000000 |
|         23 | -298.086598 | 356.711340 | -688.428866 | 2.705903 |  6.712552 |   9.700610 | 11.000000 | 15.000000 |  17.000000 |
|         24 | -425.406186 | 425.393814 | -632.057732 | 2.150477 |  3.616044 |  13.200791 |  8.000000 | 11.000000 |  21.000000 |
|         25 | -394.946392 | 324.892784 | -609.228866 | 2.289910 |  4.850360 |  15.599167 |  8.000000 | 13.000000 |  22.000000 |
|          1 |  -87.008247 | 551.692784 | -713.934021 | 2.890654 |  7.091185 |  11.768843 | 10.000000 | 17.000000 |  21.000000 |

各通道平均方差和极值差：
X方差均值: 2.905989，Y方差均值: 6.027954，Z方差均值: 16.790242
X极值差均值: 10.160000，Y极值差均值: 14.440000，Z极值差均值: 29.320000
----------------------------------------------------------------------------------------------------
